# unix_time, cycles_done, cur_path, paths_total, pending_total, pending_favs, map_size, unique_crashes, unique_hangs, max_depth, execs_per_sec
1607142223, 0, 0, 2, 2, 2, 0.06%, 0, 0, 1, 192.77
1607142228, 0, 1, 20, 19, 3, 0.12%, 0, 0, 2, 1710.71
1607142234, 0, 1, 27, 26, 3, 0.13%, 0, 0, 2, 1721.29
1607142239, 0, 1, 29, 28, 3, 0.13%, 0, 0, 2, 1677.32
1607142244, 0, 1, 30, 29, 3, 0.13%, 0, 0, 2, 1693.74
1607142249, 0, 12, 35, 32, 8, 0.15%, 0, 0, 3, 1717.67
1607142259, 0, 13, 35, 31, 11, 0.15%, 0, 0, 3, 1683.15
1607142269, 0, 17, 35, 30, 10, 0.15%, 0, 0, 3, 1614.06
1607142279, 0, 18, 35, 29, 9, 0.15%, 0, 0, 3, 1679.74
1607142284, 0, 20, 36, 29, 8, 0.15%, 0, 0, 3, 1697.90
1607142294, 0, 23, 41, 33, 7, 0.16%, 0, 0, 3, 1631.21
1607142310, 0, 23, 48, 40, 7, 0.16%, 0, 0, 3, 1533.47
1607142315, 0, 23, 54, 46, 7, 0.16%, 0, 0, 3, 1564.58
1607142320, 0, 23, 59, 51, 7, 0.16%, 0, 0, 3, 1574.83
1607142325, 0, 23, 64, 56, 7, 0.16%, 1, 0, 3, 1622.36
1607142330, 0, 26, 65, 56, 11, 0.16%, 1, 0, 3, 1632.36
1607142335, 0, 31, 65, 55, 10, 0.16%, 1, 0, 3, 1651.95
1607142340, 0, 31, 67, 57, 10, 0.16%, 1, 0, 4, 1622.42
1607142345, 0, 32, 67, 56, 10, 0.16%, 1, 0, 4, 1678.48
1607142350, 0, 32, 68, 57, 10, 0.16%, 1, 0, 4, 1687.52
1607142355, 0, 33, 68, 56, 9, 0.16%, 1, 0, 4, 1677.97
1607142365, 0, 34, 68, 55, 8, 0.16%, 1, 0, 4, 1700.35
1607142370, 0, 35, 69, 55, 7, 0.16%, 1, 0, 4, 1704.23
1607142375, 0, 35, 70, 56, 7, 0.16%, 1, 0, 4, 1662.07
1607142380, 0, 37, 70, 55, 6, 0.16%, 1, 0, 4, 1634.51
1607142396, 0, 37, 76, 61, 6, 0.16%, 3, 0, 4, 1549.33
1607142401, 0, 37, 77, 62, 6, 0.16%, 3, 0, 4, 1502.79
1607142406, 0, 37, 78, 63, 6, 0.16%, 3, 0, 4, 1470.56
1607142411, 0, 37, 81, 66, 6, 0.16%, 4, 0, 4, 1516.34
1607142416, 0, 38, 82, 66, 5, 0.16%, 4, 0, 4, 1537.25
1607142421, 0, 38, 83, 67, 5, 0.16%, 4, 0, 4, 1468.14
1607142431, 0, 39, 83, 66, 4, 0.16%, 4, 0, 4, 1521.95
1607142446, 0, 40, 83, 65, 3, 0.16%, 4, 0, 4, 1544.93
1607142451, 0, 40, 84, 66, 3, 0.16%, 4, 0, 4, 1546.55
1607142461, 0, 52, 84, 65, 2, 0.16%, 4, 0, 4, 1556.91
1607142467, 0, 65, 84, 64, 1, 0.16%, 4, 0, 4, 1597.80
1607142477, 1, 5, 84, 63, 0, 0.16%, 4, 0, 4, 1578.21
1607142487, 1, 14, 84, 62, 0, 0.16%, 4, 0, 4, 1631.46
1607142497, 1, 28, 84, 61, 0, 0.16%, 4, 0, 4, 1613.46
1607142502, 1, 28, 85, 62, 0, 0.16%, 4, 0, 4, 1658.42
1607142507, 1, 30, 86, 62, 0, 0.16%, 4, 0, 4, 1674.94
1607142522, 1, 36, 86, 61, 0, 0.16%, 4, 0, 4, 1487.49
1607142537, 1, 47, 87, 61, 0, 0.16%, 4, 0, 4, 1490.57
1607142548, 1, 55, 88, 61, 0, 0.16%, 5, 0, 4, 1537.75
1607142558, 1, 71, 88, 60, 0, 0.16%, 5, 0, 4, 1576.81
1607142573, 1, 74, 88, 59, 0, 0.16%, 5, 0, 4, 1565.54
1607142583, 1, 74, 90, 61, 0, 0.16%, 7, 0, 5, 1549.32
1607142588, 1, 83, 90, 60, 0, 0.16%, 8, 0, 5, 1586.85
1607142603, 1, 87, 90, 59, 0, 0.16%, 9, 0, 5, 1532.17
1607142619, 2, 7, 90, 58, 0, 0.16%, 10, 1, 5, 1243.37
1607142629, 2, 11, 90, 57, 0, 0.16%, 10, 1, 5, 1527.05
1607142639, 2, 16, 90, 56, 0, 0.16%, 10, 1, 5, 1623.11
1607142649, 2, 21, 90, 55, 0, 0.16%, 10, 1, 5, 1588.80
1607142659, 2, 27, 90, 54, 0, 0.16%, 10, 1, 5, 1546.71
1607142670, 2, 34, 90, 53, 0, 0.16%, 10, 1, 5, 1646.65
1607142675, 2, 41, 90, 53, 0, 0.16%, 10, 1, 5, 1588.90
1607142691, 2, 43, 90, 52, 0, 0.16%, 10, 2, 5, 231.79
1607142696, 2, 46, 90, 51, 0, 0.16%, 10, 2, 5, 1544.62
1607142701, 2, 46, 90, 51, 0, 0.16%, 10, 3, 5, 1602.15
1607142706, 2, 50, 91, 51, 0, 0.16%, 10, 3, 5, 1592.08
1607142716, 2, 51, 91, 50, 0, 0.16%, 10, 3, 5, 1594.44
1607142721, 2, 56, 91, 49, 0, 0.16%, 10, 3, 5, 1595.70
1607142737, 2, 75, 91, 48, 0, 0.16%, 11, 3, 5, 1610.15
1607142747, 2, 76, 91, 47, 0, 0.16%, 11, 3, 5, 1666.64
1607142752, 2, 76, 91, 47, 0, 0.16%, 12, 3, 5, 1649.27
1607142757, 2, 81, 91, 46, 0, 0.16%, 12, 3, 5, 1588.26
1607142762, 2, 85, 91, 45, 0, 0.16%, 12, 3, 5, 1609.76
1607142772, 2, 86, 92, 45, 0, 0.16%, 13, 3, 5, 1627.41
1607142782, 2, 86, 93, 46, 0, 0.16%, 14, 3, 5, 1572.36
1607142787, 2, 86, 93, 46, 0, 0.16%, 16, 3, 5, 1600.91
1607142793, 2, 90, 94, 46, 0, 0.16%, 17, 3, 5, 1590.11
1607142798, 2, 90, 94, 46, 0, 0.16%, 17, 4, 5, 1591.40
1607142803, 2, 90, 95, 47, 0, 0.16%, 17, 4, 5, 1601.89
1607142813, 2, 90, 97, 49, 0, 0.16%, 17, 4, 5, 1600.43
1607142818, 2, 92, 97, 48, 0, 0.16%, 17, 4, 5, 1598.07
1607142828, 2, 92, 105, 56, 0, 0.17%, 17, 5, 6, 261.05
1607142834, 2, 92, 111, 62, 0, 0.17%, 19, 6, 6, 31.43
1607142839, 2, 92, 114, 65, 0, 0.17%, 19, 6, 6, 1659.97
1607142844, 2, 92, 119, 70, 0, 0.18%, 19, 6, 6, 1648.99
1607142849, 2, 97, 122, 72, 6, 0.18%, 19, 6, 6, 1635.18
1607142854, 2, 97, 124, 74, 6, 0.18%, 19, 6, 7, 1536.90
1607142859, 2, 97, 125, 75, 6, 0.18%, 19, 7, 7, 53.98
1607142870, 2, 97, 126, 76, 6, 0.18%, 19, 7, 7, 1509.91
1607142875, 2, 97, 130, 80, 6, 0.18%, 20, 7, 7, 1539.35
1607142880, 2, 97, 134, 84, 6, 0.18%, 21, 8, 7, 1588.92
1607142885, 2, 97, 135, 85, 6, 0.18%, 22, 9, 7, 1598.73
1607142891, 2, 97, 140, 90, 6, 0.18%, 23, 10, 7, 30.53
1607142896, 2, 97, 142, 92, 6, 0.18%, 23, 10, 7, 1605.24
1607142901, 2, 100, 142, 91, 7, 0.18%, 23, 10, 7, 1574.29
1607142926, 2, 100, 144, 93, 7, 0.18%, 23, 11, 7, 1594.54
1607142931, 2, 100, 146, 95, 7, 0.18%, 23, 11, 7, 1566.74
1607142936, 2, 100, 149, 98, 7, 0.18%, 23, 11, 7, 1583.57
1607142941, 2, 100, 151, 100, 7, 0.18%, 23, 11, 7, 1591.40
1607142947, 2, 101, 152, 100, 6, 0.18%, 23, 11, 7, 1571.80
1607142977, 2, 101, 153, 101, 6, 0.18%, 23, 11, 7, 1542.64
1607142987, 2, 101, 154, 102, 6, 0.18%, 24, 11, 7, 1543.75
1607142992, 2, 105, 154, 101, 5, 0.18%, 24, 11, 7, 1584.28
1607143003, 2, 105, 154, 101, 5, 0.18%, 24, 12, 7, 1616.71
1607143013, 2, 105, 155, 102, 5, 0.18%, 24, 12, 7, 1654.35
1607143018, 2, 105, 156, 103, 5, 0.18%, 25, 12, 7, 1664.68
1607143023, 2, 122, 156, 102, 4, 0.18%, 26, 12, 7, 1570.26
1607143049, 2, 122, 156, 102, 4, 0.18%, 26, 13, 7, 1568.47
1607143054, 2, 123, 156, 101, 3, 0.18%, 27, 13, 7, 1547.96
1607143079, 2, 123, 157, 102, 3, 0.18%, 28, 14, 8, 1605.00
1607143084, 2, 125, 157, 101, 2, 0.18%, 28, 14, 8, 1540.69
1607143110, 2, 127, 157, 100, 1, 0.18%, 28, 14, 8, 1581.95
1607143151, 2, 127, 158, 101, 1, 0.18%, 28, 14, 8, 1651.64
1607143156, 2, 127, 161, 104, 1, 0.18%, 29, 14, 8, 1644.62
1607143161, 2, 127, 162, 105, 1, 0.18%, 30, 14, 8, 1646.83
1607143166, 2, 127, 162, 105, 1, 0.18%, 31, 14, 8, 1648.38
1607143171, 2, 129, 162, 104, 0, 0.18%, 32, 14, 8, 1615.06
1607143202, 2, 134, 162, 103, 0, 0.18%, 32, 14, 8, 1544.04
1607143642, 2, 134, 163, 104, 0, 0.18%, 32, 14, 8, 1409.96
1607143647, 2, 134, 164, 105, 0, 0.18%, 32, 14, 8, 1451.19
1607143652, 2, 134, 165, 106, 0, 0.18%, 32, 14, 8, 1393.99
1607143657, 2, 134, 166, 107, 0, 0.18%, 32, 14, 8, 1357.32
1607143662, 2, 134, 169, 110, 0, 0.18%, 32, 14, 8, 1427.73
1607143667, 2, 136, 169, 109, 0, 0.18%, 33, 14, 8, 1394.30
1607143678, 2, 136, 169, 109, 0, 0.18%, 33, 15, 8, 17.71
1607143698, 2, 136, 169, 109, 0, 0.18%, 33, 16, 8, 1473.67
1607143719, 2, 136, 173, 113, 0, 0.18%, 33, 16, 8, 1381.91
1607143724, 2, 136, 173, 113, 0, 0.18%, 33, 17, 8, 1396.05
1607143734, 2, 138, 173, 112, 0, 0.18%, 33, 17, 8, 1396.09
1607143765, 2, 138, 174, 113, 0, 0.18%, 33, 17, 8, 1280.38
1607143770, 2, 138, 174, 113, 0, 0.18%, 33, 18, 8, 1196.28
1607143775, 2, 145, 174, 112, 0, 0.18%, 33, 18, 8, 1386.98
1607143851, 2, 157, 174, 111, 0, 0.18%, 33, 18, 8, 1419.94
1607143856, 2, 157, 175, 112, 0, 0.18%, 33, 18, 9, 1414.56
1607143913, 2, 157, 175, 112, 0, 0.18%, 33, 19, 9, 75.83
1607143994, 2, 157, 176, 113, 0, 0.18%, 33, 19, 9, 1402.76
1607143999, 2, 157, 177, 114, 0, 0.18%, 33, 19, 9, 1396.93
1607144005, 2, 157, 179, 116, 0, 0.18%, 33, 20, 9, 1600.38
1607144010, 2, 162, 180, 116, 0, 0.18%, 33, 20, 9, 1474.70
